0,310
0,305
0,308
0,307
0,302
0,304
0,303
0,12
0,10
0,8
0,0
0,524
0,449
0,300
0,548
0,445
0,299
0,566
0,444
0,298
0,499
0,446
0,297
0,498
0,442
0,296
0,523
0,441
0,295
0,497
0,443
0,294
0,522
0,496
0,293
0,521
0,440
0,292
0,495
0,439
0,291
0,560
0,438
0,290
0,547
0,520
0,289
0,519
0,437
0,288
0,518
0,436
0,287
0,546
0,435
0,286
0,558
0,434
0,285
0,559
0,517
0,284
0,563
0,516
0,283
0,562
0,433
0,282
0,493
0,432
0,281
0,492
0,431
0,280
0,557
0,430
0,279
0,556
0,515
0,278
0,514
0,491
0,277
0,490
0,429
0,276
0,489
0,428
0,275
0,512
0,427
0,274
0,511
0,426
0,273
0,545
0,513
0,272
0,510
0,425
0,271
0,488
0,424
0,270
0,487
0,423
0,269
0,486
0,422
0,268
0,555
0,485
0,267
0,509
0,484
0,266
0,507
0,421
0,265
0,506
0,420
0,264
0,508
0,419
0,263
0,483
0,418
0,262
0,554
0,417
0,261
0,505
0,416
0,260
0,482
0,415
0,259
0,481
0,414
0,258
0,504
0,413
0,257
0,502
0,412
0,256
0,538
0,501
0,255
0,503
0,411
0,254
0,480
0,410
0,253
0,479
0,409
0,252
0,500
0,407
0,251
0,561
0,478
0,250
0,565
0,477
0,249
0,553
0,406
0,248
0,475
0,405
0,247
0,474
0,404
0,246
0,537
0,476
0,245
0,472
0,403
0,244
0,471
0,402
0,242
0,473
0,364
0,241
0,400
0,363
0,240
0,544
0,399
285,3
285,1
1,3
2,2
2,4
2,5
3,1
3,3
4,1
4,2
5,0
5,2
5,3
6,0
6,1
6,3
7,1
7,2
7,4
7,5
8,1
8,2
9,0
9,2
9,3
10,1
10,2
10,4
11,1
11,2
12,0
12,1
12,3
42,0
42,1
42,3
43,0
43,2
43,3
44,0
44,2
44,3
45,1
45,2
45,4
46,0
46,1
46,3
47,0
47,2
47,3
48,1
48,3
48,4
49,1
49,2
50,0
50,2
50,3
274,0
274,1
274,3
275,0
275,2
275,4
276,0
276,2
276,3
277,1
277,3
277,4
278,1
278,2
278,4
279,0
279,1
279,3
280,0
280,2
280,3
281,1
281,3
282,0
282,2
282,3
285,2
282,1
281,2
281,0
280,1
279,2
278,5
278,3
278,0
277,2
277,0
276,1
275,3
275,1
274,2
50,4
50,1
49,3
49,0
48,2
48,0
47,1
46,2
45,5
45,3
45,0
44,1
43,4
43,1
42,2
12,4
12,2
11,3
11,0
10,3
10,0
9,1
8,3
8,0
7,3
7,0
6,2
5,4
5,1
4,3
4,0
3,0
285,5
285,4
1,1
1,0
285,0
0,494
2,1
0,408
2,3
0,366
0,322
2,0
0,243
0,9
0,239
0,401
0,362
0,238
0,536
0,361
0,237
0,552
0,360
0,236
0,398
0,359
0,235
0,535
0,396
0,234
0,551
0,395
0,233
0,397
0,358
0,232
0,393
0,357
0,231
0,392
0,356
0,230
0,394
0,355
0,229
0,390
0,354
0,228
0,389
0,353
0,227
0,470
0,391
0,226
0,469
0,352
0,225
0,550
0,351
0,224
0,468
0,350
0,223
0,534
0,349
0,222
0,564
0,533
0,221
0,543
0,388
0,220
0,387
0,348
0,219
0,386
0,347
0,218
0,542
0,346
0,217
0,529
0,345
0,216
0,528
0,344
0,215
0,532
0,343
0,214
0,385
0,342
0,213
0,384
0,341
0,212
0,527
0,340
0,211
0,541
0,339
0,210
0,540
0,338
0,209
0,467
0,337
0,208
0,466
0,336
0,207
0,539
0,383
0,206
0,531
0,335
0,205
0,526
0,334
0,204
0,382
0,333
0,203
0,381
0,332
0,202
0,465
0,380
0,201
0,464
0,379
0,200
0,463
0,331
0,199
0,462
0,330
0,198
0,378
0,329
0,197
0,549
0,328
0,196
0,377
0,376
0,195
0,461
0,375
0,194
0,374
0,327
0,193
0,373
0,326
0,192
0,460
0,325
0,63
0,372
0,324
0,62
0,371
0,323
0,61
0,370
0,321
0,60
0,525
0,369
0,59
0,368
0,320
0,58
0,459
0,319
0,57
0,458
0,318
0,56
0,367
0,317
0,55
0,530
0,457
0,54
0,456
0,53
0,365
0,316
0,52
0,454
0,315
0,51
0,453
0,314
0,50
0,455
0,313
0,49
0,451
0,312
0,48
0,450
0,311
0,47
0,452
0,309
0,46
0,448
0,306
0,45
0,447
0,301
0,6
0,5
0,1
0,11
0,4
0,2
0,3
0,7
